0 8 8 8 8 8 8 8 8 8 8 8 
8 0 14 9 13 8 10 13 6 11 6 5 
8 14 0 3 5 13 3 10 6 5 3 17 
8 9 3 0 5 10 1 5 6 12 4 17 
8 13 5 5 0 15 5 1 6 5 5 18 
8 8 13 10 15 0 13 11 6 10 13 11 
8 10 3 1 5 13 0 9 6 11 1 13 
8 13 10 5 1 11 9 0 6 8 2 8 
8 6 6 6 6 6 6 6 0 6 6 6 
8 11 5 12 5 10 11 8 6 0 8 18 
8 6 3 4 5 13 1 2 6 8 0 10 
8 5 17 17 18 11 13 8 6 18 10 0 
